    m        U        D           P        R/R0      R         E-E0    Rem  Ref
  1.000    2.800    9.130      69.330     1.442    3.9116      3.920         1
  1.000    3.690   10.390     103.976     1.551    4.2056      6.808         1
  1.000    5.620   12.940     197.224     1.768    4.7942     15.792         1
  1.000    1.920    7.920      41.240     1.320    3.5798      1.843         2
  1.000    2.360    8.520      54.531     1.383    3.7510      2.785         2
  1.000    2.800    9.130      69.330     1.442    3.9116      3.920         2
  1.000    3.540   10.200      97.925     1.532    4.1535      6.266         2
  1.000    3.770   10.500     107.355     1.560    4.2312      7.106         2
  1.000    4.930   12.000     160.442     1.697    4.6031     12.152         2
  1.000    5.590   12.900     195.565     1.765    4.7859     15.624         2
  1.000    1.720    7.720      36.011     1.287    3.4894      1.479         3
  1.000    9.935   18.310     493.340     2.186    5.9292     49.352         4
  1.000    2.580    9.200      64.372     1.390    3.7689      3.328         5
  1.000    2.600    9.480      66.845     1.378    3.7369      3.380         5
  1.000    2.700    8.740      63.998     1.447    3.9243      3.645         5
  1.000    3.450   10.240      95.810     1.508    4.0900      5.951         5
  1.000    3.530   10.140      97.074     1.534    4.1603      6.230         5
  1.000    3.560   10.670     103.016     1.501    4.0699      6.337         5
  1.000    3.580   10.040      97.478     1.554    4.2149      6.408         5
  1.000    5.130   11.950     166.255     1.752    4.7520     13.158         5
  1.000    6.380   13.090     226.491     1.951    5.2906     20.352         5
  1.000    6.730   13.260     242.018     2.031    5.5071     22.646         5
  1.000    7.020   13.670     260.253     2.056    5.5749     24.640         5
  1.000    2.017    8.099      44.302     1.332    3.6114      2.034         6
  1.000    3.081    9.504      79.412     1.480    4.0129      4.746         6
  1.000    3.289    9.793      87.351     1.506    4.0834      5.409         6
  1.000    3.439    9.839      91.764     1.537    4.1693      5.913         6
  1.000    3.663   10.047      99.808     1.574    4.2681      6.709         6
  1.000    3.763   10.432     106.461     1.564    4.2423      7.080         6
  1.000    3.789   10.313     105.974     1.581    4.2871      7.178         6
  1.000    3.828   10.159     105.466     1.605    4.3518      7.327         6
  1.000    4.034   10.594     115.901     1.615    4.3797      8.137         6
  1.000    4.127   10.585     118.472     1.639    4.4451      8.516         6
  1.000    4.438   10.884     130.998     1.688    4.5792      9.848         6
  1.000    5.237   12.351     175.418     1.736    4.7084     13.713         6
  1.000    5.297   12.460     178.994     1.739    4.7175     14.029         6
  1.000    5.962   13.228     213.883     1.821    4.9373     17.773         6
  1.000    0.500    5.720       7.756     1.096    2.9718      0.125         7
  1.000    0.500    6.020       8.163     1.091    2.9577      0.125         7
  1.000    0.500    6.100       8.272     1.089    2.9541      0.125         7
  1.000    0.510    6.050       8.368     1.092    2.9617      0.130         7
  1.000    0.530    5.740       8.251     1.102    2.9879      0.140         7
  1.000    0.630    5.980      10.217     1.118    3.0314      0.198         7
  1.000    0.650    5.880      10.365     1.124    3.0491      0.211         7
  1.000    0.670    6.160      11.193     1.122    3.0430      0.224         7
  1.000    0.770    6.350      13.260     1.138    3.0862      0.296         7
  1.000    0.860    6.490      15.137     1.153    3.1263      0.370         7
  1.000    0.870    6.520      15.384     1.154    3.1296      0.378         7
  1.000    0.970    6.610      17.389     1.172    3.1784      0.470         7
  1.000    1.150    6.860      21.395     1.201    3.2582      0.661         7
  1.000    1.160    6.890      21.675     1.202    3.2610      0.673         7
  1.000    1.160    6.910      21.738     1.202    3.2591      0.673         7
  1.000    1.190    6.720      21.687     1.215    3.2956      0.708         7
  1.000    1.210    6.860      22.511     1.214    3.2928      0.732         7
  1.000    1.400    7.040      26.730     1.248    3.3852      0.980         7
  1.000    1.430    7.270      28.194     1.245    3.3761      1.022         7
  1.000    1.490    7.180      29.014     1.262    3.4222      1.110         7
  1.000    1.570    7.210      30.699     1.278    3.4669      1.232         7
  1.000    1.580    7.330      31.409     1.275    3.4572      1.248         7
  1.000    1.620    7.510      32.995     1.275    3.4579      1.312         7
  1.000    1.630    7.420      32.801     1.282    3.4755      1.328         7
  1.000    1.630    7.420      32.801     1.282    3.4755      1.328         7
  1.000    1.720    7.680      35.825     1.289    3.4947      1.479         7
  1.000    1.730    7.600      35.657     1.295    3.5113      1.496         7
  1.000    1.770    7.660      36.770     1.301    3.5270      1.566         7
  1.000    1.810    7.770      38.141     1.304    3.5356      1.638         7
  1.000    1.850    7.690      38.582     1.317    3.5711      1.711         7
  1.000    1.860    7.730      38.993     1.317    3.5713      1.730         7
  1.000    1.950    7.970      42.149     1.324    3.5905      1.901         7
  1.000    2.130    8.060      46.559     1.359    3.6861      2.268         7
  1.000    2.130    8.090      46.732     1.357    3.6812      2.268         7
  1.000    2.130    8.130      46.964     1.355    3.6748      2.268         7
  1.000    2.160    8.330      48.797     1.350    3.6614      2.333         7
  1.000    2.210    8.230      49.327     1.367    3.7076      2.442         7
  1.000    2.280    8.350      51.631     1.376    3.7307      2.599         7
  1.000    2.310    8.400      52.624     1.379    3.7407      2.668         7
  1.000    2.400    8.420      54.804     1.399    3.7932      2.880         7
  1.000    2.440    8.510      56.313     1.402    3.8022      2.977         7
  1.000    2.460    8.530      56.908     1.405    3.8111      3.026         7
  1.000    2.590    8.830      62.023     1.415    3.8377      3.354         7
  1.000    2.600    8.760      61.769     1.422    3.8567      3.380         7
  1.000    2.650    8.800      63.244     1.431    3.8806      3.511         7
  1.000    2.820    9.140      69.901     1.446    3.9221      3.976         7
  1.000    2.870    9.070      70.596     1.463    3.9674      4.118         7
  1.000    2.990    9.400      76.224     1.466    3.9770      4.470         7
  1.000    3.090    9.380      78.605     1.491    4.0443      4.774         7
  1.000    3.100    9.400      79.028     1.492    4.0465      4.805         7
  1.000    3.220    9.670      84.445     1.499    4.0659      5.184         7
  1.000    3.290    9.640      86.013     1.518    4.1171      5.412         7
  1.000    3.420    9.870      91.545     1.530    4.1500      5.848         7
  1.000    3.720   10.190     102.803     1.575    4.2713      6.919         7
  1.000    3.750   10.370     105.463     1.566    4.2483      7.031         7
  1.000    0.690    6.210      11.621     1.125    3.0510      0.238         8
  1.000    1.140    6.900      21.333     1.198    3.2487      0.650         8
  1.000    1.490    7.420      29.983     1.251    3.3934      1.110         8
  1.000    2.800    9.130      69.330     1.442    3.9116      3.920         8
  1.000    3.700   10.390     104.258     1.553    4.2119      6.845         8
  1.000    4.950   12.070     162.033     1.695    4.5974     12.251         8
  1.000    5.620   12.940     197.224     1.768    4.7942     15.792         8
  1.000    6.000   13.190     214.628     1.834    4.9751     18.000         8
  1.000    6.550   13.600     241.585     1.929    5.2317     21.451         8
  1.000    6.980   13.960     264.260     2.000    5.4240     24.360         8
  1.000    8.660   15.750     369.903     2.221    6.0245     37.498         8
  1.000    6.920   14.530     272.685     1.909    5.1781     23.943    1   10
  1.000    8.340   15.960     360.985     2.094    5.6803     34.778    1   10
  1.000   11.000   18.720     558.455     2.425    6.5762     60.500    1   10
  1.000   12.260   20.050     666.645     2.574    6.9802     75.154    1   10
  1.000   23.110   32.550    2040.049     3.448    9.3512    267.036    1   10
  1.000    0.426    5.934       6.856     1.077    2.9218      0.091        13
  1.000    0.428    5.804       6.737     1.080    2.9279      0.092        13
  1.000    0.526    6.254       8.922     1.092    2.9610      0.138        13
  1.000    0.537    6.132       8.930     1.096    2.9723      0.144        13
  1.000    0.804    6.347      13.839     1.145    3.1054      0.323        13
  1.000    0.884    6.558      15.722     1.156    3.1345      0.391        13
  1.000    0.890    6.624      15.988     1.155    3.1329      0.396        13
  1.000    1.164    6.862      21.662     1.204    3.2660      0.677        13
  1.000    1.197    7.054      22.899     1.204    3.2663      0.716        13
  1.000    1.214    6.979      22.978     1.211    3.2831      0.737        13
  1.000    1.327    7.187      25.865     1.226    3.3261      0.880        13
  1.000    1.448    7.348      28.856     1.245    3.3776      1.048        13
  1.000    1.600    7.534      32.692     1.270    3.4432      1.280        13
  1.000    1.606    7.489      32.618     1.273    3.4523      1.290        13
  1.000    1.812    7.785      38.257     1.303    3.5347      1.642        13
  1.000    0.860    6.520      15.207     1.152    3.1241      0.370        14
  1.000    1.240    7.080      23.809     1.212    3.2878      0.769        14
  1.000    1.380    7.280      27.246     1.234    3.3463      0.952        14
  1.000    2.010    8.050      43.882     1.333    3.6145      2.020        14
  1.000    2.700    8.990      65.828     1.429    3.8761      3.645        14
  1.000    3.270    9.670      85.756     1.511    4.0977      5.346        14
  1.000    3.300    9.880      88.422     1.502    4.0721      5.445        14
  1.000    3.710   10.300     103.634     1.563    4.2388      6.882        14
  1.000   15.670   25.650    1090.049     2.570    6.9702    122.774        15
  1.000    1.520    7.445      30.690     1.257    3.4077      1.155        16
  1.000    1.885    7.964      40.713     1.310    3.5529      1.777        16
  1.000    2.522    8.810      60.258     1.401    3.7997      3.180        16
  1.000    2.992    9.406      76.323     1.466    3.9771      4.476        16
  1.000    3.592   10.170      99.071     1.546    4.1929      6.451        16
  1.000    3.902   10.570     111.854     1.585    4.2990      7.613        16
  1.000    4.382   11.250     133.695     1.638    4.4423      9.601        16
  1.000    4.626   11.590     145.405     1.664    4.5135     10.700        16
  1.000    4.765   11.770     152.100     1.680    4.5568     11.353        16
  1.000    4.900   12.000     159.466     1.690    4.5837     12.005        16
  1.000    5.007   12.040     163.491     1.712    4.6428     12.535        16
  1.000    5.052   12.140     166.331     1.713    4.6450     12.761        16
  1.000    5.100   12.160     168.187     1.722    4.6711     13.005        16
  1.000   23.890   34.320    2223.582     3.291    8.9239    285.366        17
  1.000  116.691  147.000   46520.501     4.850   13.1533   6808.395    2   18
  1.000  283.237  353.000  271152.977     5.060   13.7227  40111.599    2   18
  1.000  288.293  366.000  286157.326     4.710   12.7735  41556.427    2   18
  1.000  293.640  379.000  301817.287     4.440   12.0413  43112.225    2   18
  1.000  338.917  441.000  405342.021     4.320   11.7159  57432.366    2   18
  1.000   27.570   39.410    2946.679     3.329    9.0270    380.052        19
  1.000   14.500   23.400     920.182     2.629    7.1304    105.125        20
  1.000   15.100   24.200     991.019     2.659    7.2121    114.005        20
  1.000   30.000   40.000    3254.400     4.000   10.8480    450.000        20
  1.000   10.100   17.340     474.964     2.395    6.4953     51.005        21
  1.000    5.800   13.400     210.777     1.763    4.7817     16.820        23
  1.000    6.300   14.000     239.199     1.818    4.9309     19.845        23
  1.000    6.900   14.800     276.950     1.873    5.0807     23.805        23
  1.000    7.200   15.500     302.659     1.867    5.0646     25.920        23
  1.000    8.900   16.900     407.912     2.113    5.7291     39.605        23
  1.000    3.290    9.790      87.351     1.506    4.0847      5.412        24
  1.000   21.000   30.500    1737.036     3.211    8.7069    220.500        25
  1.000   15.080   24.170     988.480     2.659    7.2111    113.703        26
  1.000    6.600   13.870     248.262     1.908    5.1741     21.780    3   27
  1.000    7.650   15.590     323.443     1.963    5.3249     29.261    3   27
  1.000    9.780   17.810     472.381     2.218    6.0150     47.824    3   27
  1.000   10.500   18.440     525.098     2.322    6.2984     55.125        27
  1.000   11.020   19.170     572.919     2.352    6.3790     60.720    3   27
  1.000   12.140   19.750     650.243     2.595    7.0384     73.690    3   27
  1.000   17.700   26.450    1269.664     3.023    8.1980    156.645    3   27
  1.000   12.200   20.900     691.506     2.402    6.5150     74.420        28
  1.000    0.765    6.370      13.216     1.136    3.0821      0.293        29
  1.000    0.910    6.560      16.190     1.161    3.1488      0.414        29
  1.000    1.350    7.170      26.251     1.232    3.3411      0.911        29
  1.000    1.470    7.320      29.182     1.251    3.3935      1.080        29
  1.000    2.020    8.040      44.045     1.336    3.6220      2.040        29
  1.000    2.110    8.070      46.179     1.354    3.6721      2.226        29
  1.000    3.890   10.560     111.405     1.583    4.2937      7.566        29
  1.000    4.030   10.870     118.802     1.589    4.3099      8.120        29
  1.000    4.130   11.080     124.102     1.594    4.3236      8.528        30
  1.000    4.370   11.360     134.632     1.625    4.4075      9.548        30
  1.000    6.380   13.770     238.256     1.863    5.0533     20.352        30
  1.000    6.530   14.010     248.108     1.873    5.0796     21.320        30
  1.000    7.050   14.670     280.485     1.925    5.2211     24.851        30
  1.000    7.090   14.640     281.499     1.939    5.2588     25.134        30
  1.000    7.210   14.910     291.543     1.936    5.2514     25.992        30
  1.000    7.210   15.030     293.890     1.922    5.2125     25.992        30
  1.000    7.420   15.110     304.059     1.965    5.3288     27.528        30
  1.000    7.440   15.250     307.704     1.953    5.2955     27.677        30
  1.000    7.500   15.230     309.778     1.970    5.3433     28.125        30
  1.000    8.080   16.080     352.360     2.010    5.4511     32.643        30
  1.000    9.590   17.830     463.724     2.164    5.8683     45.984        30
  1.000    9.660   17.820     466.847     2.184    5.9225     46.658        30
  1.000    9.810   17.890     475.959     2.214    6.0047     48.118        30